,y_true,nd_preds,lt_preds,dates
0,73,68.00391939660693,68.00391939660693,2018-01-07
1,76,68.00391939660693,71.7731291178838,2018-01-14
2,74,75.45960079834741,76.00374096298196,2018-01-21
3,106,69.00239954999671,68.28186177556091,2018-01-28
4,108,106.87579793596677,106.87579793596677,2018-02-04
5,79,106.87579793596677,110.96890975543855,2018-02-11
6,68,111.78381674031085,117.15776436333132,2018-02-18
7,96,75.76317618187588,101.16305727029442,2018-02-25
8,106,88.41375450728013,88.41375450728013,2018-03-04
9,109,88.41375450728013,96.27072008701936,2018-03-11
10,113,105.43034140671071,103.09085272209474,2018-03-18
11,105,100.82101624650686,92.60045760820935,2018-03-25
12,80,111.71401032215485,111.71401032215485,2018-04-01
13,107,111.71401032215485,114.16676014223674,2018-04-08
14,81,94.41121937966976,117.74558340951053,2018-04-15
15,79,104.90647007059724,114.60957653866083,2018-04-22
16,223,91.39589718744884,91.39589718744884,2018-04-29
17,199,91.39589718744884,98.30530555624313,2018-05-06
18,240,162.28781429232035,102.6379589861633,2018-05-13
19,128,171.6998951137347,99.3679968636079,2018-05-20
20,61,142.52969356780773,142.52969356780773,2018-05-27
21,89,142.52969356780773,144.70302975770258,2018-06-03
22,93,100.14131306226292,149.53705490506744,2018-06-10
23,140,96.0305572905497,137.69700503732494,2018-06-17
24,125,143.5044804929786,143.5044804929786,2018-06-24
25,113,143.5044804929786,145.71886841851202,2018-07-01
26,86,129.78641225189875,147.5157615507403,2018-07-08
27,134,118.27370833963539,139.10771778213922,2018-07-15
28,125,143.71821335122183,143.71821335122183,2018-07-22
29,145,143.71821335122183,150.94040598032436,2018-07-29
30,150,140.39965358033874,158.72193577625228,2018-08-05
31,133,127.72869628000444,137.014779923919,2018-08-12
